v 0.191667 0 0.465926
v 0.192827 0 0.463565
v 0.19395 0 0.461198
v 0.195037 0 0.458823
v 0.196088 0 0.456442
v 0.197103 0 0.454055
v 0.198081 0 0.451661
v 0.199024 0 0.449261
v 0.19993 0 0.446855
v 0.200801 0 0.444444
v 0.201637 0 0.442027
v 0.202437 0 0.439604
v 0.203202 0 0.437177
v 0.203932 0 0.434744
v 0.204627 0 0.432307
v 0.205287 0 0.429866
v 0.205912 0 0.42742
v 0.206502 0 0.42497
v 0.207059 0 0.422516
v 0.20758 0 0.420058
v 0.208068 0 0.417596
v 0.208522 0 0.415132
v 0.208941 0 0.412664
v 0.209327 0 0.410193
v 0.20968 0 0.407719
v 0.209998 0 0.405243
v 0.210284 0 0.402764
v 0.210536 0 0.400284
v 0.210755 0 0.397801
v 0.210941 0 0.395316
v 0.211094 0 0.39283
v 0.211215 0 0.390342
v 0.211303 0 0.387853
v 0.211358 0 0.385363
v 0.211381 0 0.382873
v 0.211372 0 0.380381
v 0.211331 0 0.37789
v 0.211258 0 0.375398
v 0.211153 0 0.372906
v 0.211017 0 0.370414
v 0.210849 0 0.367922
v 0.21065 0 0.365431
v 0.210419 0 0.36294
v 0.210158 0 0.360451
v 0.209865 0 0.357963
v 0.209542 0 0.355476
v 0.209188 0 0.35299
v 0.208803 0 0.350506
v 0.208388 0 0.348024
v 0.207942 0 0.345545
v 0.207467 0 0.343067
v 0.206961 0 0.340592
v 0.206426 0 0.33812
v 0.20586 0 0.33565
v 0.205265 0 0.333184
v 0.204641 0 0.33072
v 0.203987 0 0.328261
v 0.203304 0 0.325805
v 0.202592 0 0.323352
v 0.201851 0 0.320904
v 0.201081 0 0.31846
v 0.200283 0 0.31602
v 0.199456 0 0.313585
v 0.1986 0 0.311155
v 0.197716 0 0.30873
v 0.196804 0 0.30631
v 0.195864 0 0.303896
v 0.194896 0 0.301487
v 0.193901 0 0.299084
v 0.192877 0 0.296687
v 0.191827 0 0.294295
v 0.190748 0 0.291911
v 0.189643 0 0.289533
v 0.188511 0 0.287161
v 0.187351 0 0.284797
v 0.186165 0 0.28244
v 0.184952 0 0.28009
v 0.183713 0 0.277748
v 0.182447 0 0.275413
v 0.181155 0 0.273087
v 0.179837 0 0.270768
v 0.178492 0 0.268458
v 0.177122 0 0.266156
v 0.175726 0 0.263863
v 0.174305 0 0.261579
v 0.172858 0 0.259304
v 0.171385 0 0.257038
v 0.169888 0 0.254782
v 0.168365 0 0.252536
v 0.166818 0 0.250299
v 0.165245 0 0.248072
v 0.163648 0 0.245856
v 0.162027 0 0.24365
v 0.160381 0 0.241455
v 0.158711 0 0.239271
v 0.157016 0 0.237097
v 0.155298 0 0.234935
v 0.153556 0 0.232785
v 0.15179 0 0.230646
v 0.15 0 0.228519
v 0.15 0 0.228519
v 0.148187 0 0.226403
v 0.146351 0 0.2243
v 0.144491 0 0.22221
v 0.14261 0 0.220132
v 0.140705 0 0.218068
v 0.138779 0 0.216016
v 0.13683 0 0.213978
v 0.13486 0 0.211954
v 0.132868 0 0.209944
v 0.130855 0 0.207948
v 0.128821 0 0.205966
v 0.126766 0 0.203999
v 0.124691 0 0.202047
v 0.122596 0 0.20011
v 0.120481 0 0.198189
v 0.118346 0 0.196283
v 0.116191 0 0.194393
v 0.114018 0 0.192519
v 0.111825 0 0.190662
v 0.109614 0 0.188821
v 0.107384 0 0.186998
v 0.105136 0 0.185191
v 0.102871 0 0.183401
v 0.100587 0 0.18163
v 0.098286 0 0.179876
v 0.0959678 0 0.17814
v 0.0936326 0 0.176422
v 0.0912808 0 0.174723
v 0.0889125 0 0.173043
v 0.086528 0 0.171382
v 0.0841275 0 0.16974
v 0.0817114 0 0.168118
v 0.0792798 0 0.166516
v 0.0768331 0 0.164933
v 0.0743714 0 0.163371
v 0.071895 0 0.16183
v 0.0694042 0 0.160309
v 0.0668991 0 0.158809
v 0.0643802 0 0.15733
v 0.0618475 0 0.155873
v 0.0593015 0 0.154438
v 0.0567422 0 0.153024
v 0.05417 0 0.151633
v 0.0515851 0 0.150264
v 0.0489878 0 0.148918
v 0.0463783 0 0.147595
v 0.0437569 0 0.146295
v 0.0411238 0 0.145018
v 0.0384793 0 0.143766
v 0.0358235 0 0.142537
v 0.0331569 0 0.141332
v 0.0304796 0 0.140152
v 0.0277918 0 0.138996
v 0.0250939 0 0.137865
v 0.0223861 0 0.136759
v 0.0196686 0 0.135679
v 0.0169416 0 0.134624
v 0.0142055 0 0.133595
v 0.0114605 0 0.132592
v 0.00870674 0 0.131616
v 0.00594462 0 0.130666
v 0.00317434 0 0.129743
v 0.000396115 0 0.128847
v -0.00238977 0 0.127978
v -0.00518307 0 0.127137
v -0.00798355 0 0.126324
v -0.0107909 0 0.125538
v -0.013605 0 0.124781
v -0.0164254 0 0.124053
v -0.019252 0 0.123353
v -0.0220846 0 0.122683
v -0.0249228 0 0.122041
v -0.0277664 0 0.121429
v -0.0306151 0 0.120847
v -0.0334688 0 0.120295
v -0.0363272 0 0.119773
v -0.0391899 0 0.119281
v -0.0420568 0 0.11882
v -0.0449276 0 0.11839
v -0.0478021 0 0.117992
v -0.05068 0 0.117624
v -0.053561 0 0.117289
v -0.0564449 0 0.116985
v -0.0593314 0 0.116714
v -0.0622204 0 0.116475
v -0.0651115 0 0.116268
v -0.0680046 0 0.116095
v -0.0708993 0 0.115954
v -0.0737953 0 0.115847
v -0.0766926 0 0.115774
v -0.0795906 0 0.115734
v -0.0824894 0 0.115729
v -0.0853886 0 0.115758
v -0.0882879 0 0.115822
v -0.0911871 0 0.11592
v -0.0940859 0 0.116053
v -0.0969841 0 0.116222
v -0.0998815 0 0.116427
v -0.102778 0 0.116667
v -0.102778 0 0.116667
v -0.105673 0 0.116943
v -0.108566 0 0.117255
v -0.111457 0 0.117602
v -0.114346 0 0.117985
v -0.117233 0 0.118402
v -0.120116 0 0.118855
v -0.122997 0 0.119341
v -0.125874 0 0.119862
v -0.128747 0 0.120417
v -0.131617 0 0.121006
v -0.134482 0 0.121627
v -0.137342 0 0.122282
v -0.140198 0 0.12297
v -0.143048 0 0.12369
v -0.145893 0 0.124442
v -0.148732 0 0.125227
v -0.151565 0 0.126043
v -0.154391 0 0.126891
v -0.157211 0 0.127769
v -0.160024 0 0.128679
v -0.16283 0 0.12962
v -0.165628 0 0.13059
v -0.168418 0 0.131591
v -0.1712 0 0.132622
v -0.173974 0 0.133682
v -0.176739 0 0.134772
v -0.179495 0 0.13589
v -0.182241 0 0.137038
v -0.184978 0 0.138213
v -0.187705 0 0.139417
v -0.190421 0 0.140649
v -0.193128 0 0.141909
v -0.195823 0 0.143196
v -0.198507 0 0.14451
v -0.20118 0 0.145851
v -0.203841 0 0.147219
v -0.20649 0 0.148613
v -0.209127 0 0.150033
v -0.211752 0 0.151479
v -0.214363 0 0.15295
v -0.216961 0 0.154447
v -0.219546 0 0.155968
v -0.222117 0 0.157514
v -0.224674 0 0.159085
v -0.227216 0 0.16068
v -0.229744 0 0.162298
v -0.232257 0 0.163941
v -0.234755 0 0.165606
v -0.237237 0 0.167295
v -0.239703 0 0.169007
v -0.242154 0 0.170741
v -0.244587 0 0.172497
v -0.247004 0 0.174276
v -0.249404 0 0.176076
v -0.251787 0 0.177897
v -0.254152 0 0.17974
v -0.256499 0 0.181604
v -0.258828 0 0.183488
v -0.261139 0 0.185392
v -0.263431 0 0.187317
v -0.265703 0 0.189262
v -0.267956 0 0.191226
v -0.27019 0 0.19321
v -0.272404 0 0.195212
v -0.274597 0 0.197233
v -0.27677 0 0.199273
v -0.278921 0 0.201331
v -0.281052 0 0.203407
v -0.283161 0 0.2055
v -0.285249 0 0.207611
v -0.287314 0 0.209739
v -0.289358 0 0.211884
v -0.291378 0 0.214046
v -0.293376 0 0.216224
v -0.29535 0 0.218418
v -0.297301 0 0.220627
v -0.299228 0 0.222853
v -0.301131 0 0.225093
v -0.303009 0 0.227349
v -0.304863 0 0.229619
v -0.306692 0 0.231903
v -0.308496 0 0.234202
v -0.310274 0 0.236515
v -0.312026 0 0.238841
v -0.313752 0 0.24118
v -0.315451 0 0.243533
v -0.317124 0 0.245899
v -0.318769 0 0.248277
v -0.320387 0 0.250667
v -0.321978 0 0.253069
v -0.323541 0 0.255483
v -0.325075 0 0.257909
v -0.326581 0 0.260345
v -0.328058 0 0.262793
v -0.329506 0 0.265251
v -0.330924 0 0.26772
v -0.332313 0 0.270198
v -0.333672 0 0.272687
v -0.335 0 0.275185
v -0.335 0 0.275185
v -0.336298 0 0.277693
v -0.337565 0 0.280209
v -0.338802 0 0.282734
v -0.340008 0 0.285268
v -0.341183 0 0.28781
v -0.342328 0 0.29036
v -0.343442 0 0.292917
v -0.344526 0 0.295482
v -0.345579 0 0.298054
v -0.346601 0 0.300633
v -0.347593 0 0.303219
v -0.348554 0 0.30581
v -0.349484 0 0.308408
v -0.350384 0 0.311012
v -0.351253 0 0.313621
v -0.352092 0 0.316235
v -0.3529 0 0.318855
v -0.353678 0 0.321479
v -0.354425 0 0.324107
v -0.355141 0 0.32674
v -0.355826 0 0.329377
v -0.356481 0 0.332017
v -0.357106 0 0.334661
v -0.3577 0 0.337307
v -0.358263 0 0.339957
v -0.358796 0 0.342609
v -0.359298 0 0.345263
v -0.359769 0 0.347919
v -0.36021 0 0.350577
v -0.36062 0 0.353237
v -0.360999 0 0.355897
v -0.361348 0 0.358559
v -0.361667 0 0.361221
v -0.361954 0 0.363883
v -0.362211 0 0.366546
v -0.362438 0 0.369209
v -0.362634 0 0.371871
v -0.362799 0 0.374532
v -0.362934 0 0.377192
v -0.363038 0 0.379852
v -0.363111 0 0.382509
v -0.363154 0 0.385165
v -0.363167 0 0.387819
v -0.363148 0 0.39047
v -0.363099 0 0.393119
v -0.36302 0 0.395765
v -0.362909 0 0.398408
v -0.362769 0 0.401048
v -0.362597 0 0.403684
v -0.362395 0 0.406315
v -0.362163 0 0.408943
v -0.361899 0 0.411566
v -0.361605 0 0.414185
v -0.361281 0 0.416798
v -0.360926 0 0.419406
v -0.36054 0 0.422009
v -0.360124 0 0.424605
v -0.359677 0 0.427196
v -0.3592 0 0.42978
v -0.358691 0 0.432358
v -0.358153 0 0.434928
v -0.357583 0 0.437492
v -0.356983 0 0.440048
v -0.356353 0 0.442596
v -0.355692 0 0.445136
v -0.355 0 0.447668
v -0.354278 0 0.450191
v -0.353525 0 0.452706
v -0.352741 0 0.455212
v -0.351927 0 0.457708
v -0.351082 0 0.460194
v -0.350207 0 0.462671
v -0.349301 0 0.465138
v -0.348364 0 0.467594
v -0.347397 0 0.470039
v -0.346399 0 0.472473
v -0.34537 0 0.474897
v -0.344311 0 0.477308
v -0.343222 0 0.479708
v -0.342101 0 0.482096
v -0.34095 0 0.484471
v -0.339769 0 0.486834
v -0.338557 0 0.489184
v -0.337314 0 0.491521
v -0.336041 0 0.493845
v -0.334737 0 0.496155
v -0.333402 0 0.49845
v -0.332037 0 0.500732
v -0.330641 0 0.502999
v -0.329215 0 0.505252
v -0.327758 0 0.507489
v -0.32627 0 0.509711
v -0.324752 0 0.511918
v -0.323203 0 0.514108
v -0.321624 0 0.516283
v -0.320014 0 0.518441
v -0.318373 0 0.520583
v -0.316702 0 0.522707
v -0.315 0 0.524815
v -0.315 0 0.524815
v -0.313268 0 0.526905
v -0.311505 0 0.528977
v -0.309712 0 0.531032
v -0.30789 0 0.533069
v -0.306038 0 0.535087
v -0.304158 0 0.537088
v -0.302249 0 0.53907
v -0.300312 0 0.541033
v -0.298346 0 0.542978
v -0.296353 0 0.544904
v -0.294333 0 0.546811
v -0.292286 0 0.548699
v -0.290212 0 0.550567
v -0.288112 0 0.552416
v -0.285986 0 0.554246
v -0.283835 0 0.556056
v -0.281658 0 0.557845
v -0.279456 0 0.559615
v -0.27723 0 0.561365
v -0.274979 0 0.563094
v -0.272704 0 0.564802
v -0.270406 0 0.56649
v -0.268085 0 0.568157
v -0.26574 0 0.569804
v -0.263373 0 0.571429
v -0.260984 0 0.573032
v -0.258573 0 0.574614
v -0.25614 0 0.576175
v -0.253685 0 0.577714
v -0.25121 0 0.579231
v -0.248715 0 0.580726
v -0.246199 0 0.582199
v -0.243663 0 0.583649
v -0.241107 0 0.585077
v -0.238532 0 0.586482
v -0.235938 0 0.587864
v -0.233326 0 0.589223
v -0.230695 0 0.590559
v -0.228047 0 0.591872
v -0.22538 0 0.593162
v -0.222697 0 0.594428
v -0.219996 0 0.59567
v -0.217279 0 0.596888
v -0.214546 0 0.598082
v -0.211796 0 0.599252
v -0.209032 0 0.600398
v -0.206251 0 0.601519
v -0.203456 0 0.602615
v -0.200646 0 0.603687
v -0.197822 0 0.604733
v -0.194984 0 0.605755
v -0.192133 0 0.606751
v -0.189268 0 0.607722
v -0.18639 0 0.608667
v -0.183499 0 0.609586
v -0.180597 0 0.610479
v -0.177682 0 0.611347
v -0.174756 0 0.612188
v -0.171818 0 0.613003
v -0.16887 0 0.613791
v -0.16591 0 0.614553
v -0.162941 0 0.615288
v -0.159962 0 0.615996
v -0.156973 0 0.616677
v -0.153974 0 0.61733
v -0.150967 0 0.617956
v -0.147951 0 0.618555
v -0.144927 0 0.619125
v -0.141895 0 0.619668
v -0.138855 0 0.620183
v -0.135808 0 0.62067
v -0.132754 0 0.621128
v -0.129694 0 0.621558
v -0.126627 0 0.621959
v -0.123554 0 0.622331
v -0.120476 0 0.622674
v -0.117392 0 0.622988
v -0.114304 0 0.623273
v -0.11121 0 0.623529
v -0.108113 0 0.623755
v -0.105011 0 0.623951
v -0.101906 0 0.624117
v -0.0987978 0 0.624253
v -0.0956865 0 0.624359
v -0.0925725 0 0.624435
v -0.0894563 0 0.62448
v -0.0863381 0 0.624495
v -0.0832183 0 0.624478
v -0.0800972 0 0.624431
v -0.0769751 0 0.624353
v -0.0738525 0 0.624243
v -0.0707295 0 0.624102
v -0.0676066 0 0.62393
v -0.0644841 0 0.623725
v -0.0613623 0 0.623489
v -0.0582415 0 0.623221
v -0.0551222 0 0.62292
v -0.0520045 0 0.622588
v -0.0488889 0 0.622222
v -0.0488889 0 0.622222
v -0.0457757 0 0.621824
v -0.0426652 0 0.621394
v -0.0395577 0 0.620932
v -0.0364537 0 0.620437
v -0.0333535 0 0.619911
v -0.0302574 0 0.619354
v -0.0271657 0 0.618766
v -0.0240789 0 0.618147
v -0.0209972 0 0.617497
v -0.017921 0 0.616817
v -0.0148506 0 0.616106
v -0.0117865 0 0.615366
v -0.00872889 0 0.614597
v -0.00567819 0 0.613798
v -0.00263472 0 0.612969
v 0.000401167 0 0.612113
v 0.00342911 0 0.611227
v 0.00644879 0 0.610314
v 0.00945982 0 0.609372
v 0.0124619 0 0.608402
v 0.0154546 0 0.607405
v 0.0184377 0 0.606381
v 0.0214108 0 0.60533
v 0.0243735 0 0.604252
v 0.0273255 0 0.603147
v 0.0302665 0 0.602017
v 0.033196 0 0.60086
v 0.0361138 0 0.599677
v 0.0390195 0 0.598469
v 0.0419128 0 0.597236
v 0.0447932 0 0.595978
v 0.0476606 0 0.594695
v 0.0505144 0 0.593388
v 0.0533544 0 0.592057
v 0.0561803 0 0.590701
v 0.0589916 0 0.589322
v 0.061788 0 0.58792
v 0.0645692 0 0.586494
v 0.0673349 0 0.585046
v 0.0700846 0 0.583575
v 0.0728181 0 0.582081
v 0.075535 0 0.580566
v 0.0782349 0 0.579028
v 0.0809175 0 0.577469
v 0.0835825 0 0.575888
v 0.0862295 0 0.574287
v 0.0888581 0 0.572664
v 0.0914681 0 0.571021
v 0.094059 0 0.569358
v 0.0966305 0 0.567674
v 0.0991823 0 0.565971
v 0.101714 0 0.564248
v 0.104225 0 0.562506
v 0.106716 0 0.560745
v 0.109185 0 0.558965
v 0.111633 0 0.557166
v 0.114059 0 0.555349
v 0.116463 0 0.553514
v 0.118845 0 0.551662
v 0.121204 0 0.549791
v 0.123539 0 0.547904
v 0.125851 0 0.545999
v 0.128139 0 0.544078
v 0.130403 0 0.542141
v 0.132642 0 0.540187
v 0.134856 0 0.538217
v 0.137045 0 0.536231
v 0.139208 0 0.53423
v 0.141346 0 0.532214
v 0.143457 0 0.530182
v 0.145541 0 0.528137
v 0.147598 0 0.526076
v 0.149628 0 0.524002
v 0.151631 0 0.521913
v 0.153605 0 0.519811
v 0.155551 0 0.517695
v 0.157468 0 0.515567
v 0.159356 0 0.513425
v 0.161214 0 0.511271
v 0.163043 0 0.509104
v 0.164841 0 0.506925
v 0.166609 0 0.504735
v 0.168347 0 0.502533
v 0.170053 0 0.500319
v 0.171727 0 0.498094
v 0.17337 0 0.495859
v 0.174981 0 0.493612
v 0.176558 0 0.491356
v 0.178103 0 0.489089
v 0.179615 0 0.486813
v 0.181093 0 0.484527
v 0.182537 0 0.482232
v 0.183947 0 0.479928
v 0.185323 0 0.477614
v 0.186663 0 0.475293
v 0.187968 0 0.472963
v 0.189237 0 0.470625
v 0.19047 0 0.468279
v 0.191667 0 0.465926
